a= 1.000008
b= 0.999998
Model:y = 1.000008* e^(0.999998x)
