a = 1.300000
b = 0.900000
Model: y = 1.300000 + 0.900000x
